89526
89525
89524
89523
89522
89521
89520
89519
89518
89517
89516
89515
89514
89513
89512
89511
89510
89509
89508
89507
89506
89505
89504
89503
89502
89501
89500
89499
89498
89497
89496
89495
89494
89493
89492
89491
89490
89489
89488
89487
89486
89485
89484
89483
89482
89481
89480
89479
89478
89477
89476
89475
89474
89473
89472
89471
89470
89469
89468
89467
89466
89465
89464
89463
89462
89461
89460
89459
89458
89457
89456
89455
89454
89453
89452
89451
89450
89449
89448
89447
89446
89445
89444
89443
89442
89441
89440
89439
89438
89437
89436
89435
89434
89433
89432
89431
89430
89429
89428
89427
89426
89425
89424
89423
89422
89421
89420
89419
89418
89417
89416
89415
89414
89413
89412
89411
89410
89409
89408
89407
89406
89405
89404
89403
89402
89401
89400
89399
89398
89397
89396
89395
89394
89393
89392
89391
89390
89389
89388
89387
89386
89385
89384
89383
89382
89381
89380
89379
89378
89377
89376
89375
89374
89373
89372
89371
89370
89369
89368
89367
89366
89365
89364
89363
89362
89361
89360
89359
89358
89357
89356
89355
89354
89353
89352
89351
89350
89349
89348
89347
89346
89345
89344
89343
89342
89341
89340
89339
89338
89337
89336
89335
89334
89333
89332
89331
89330
89329
89328
89327
89326
89325
89324
89323
89322
89321
89320
89319
89318
89317
89316
89315
89314
89313
89312
89311
89310
89309
89308
89307
89306
89305
89304
89303
89302
89301
89300
89299
89298
89297
89296
89295
89294
89293
89292
89291
89290
89289
89288
89287
89286
89285
89284
89283
89282
89281
89280
89279
89278
89277
89276
89275
89274
89273
89272
89271
89270
89269
89268
89267
89266
89265
89264
89263
89262
89261
89260
89259
89258
89257
89256
89255
89254
89253
89252
89251
89250
89249
89248
89247
89246
89245
89244
89243
89242
89241
89240
89239
89238
89237
89236
89235
89234
89233
89232
89231
89230
89229
89228
89227
89226
89225
89224
89223
89222
89221
89220
89219
89218
89217
89216
89215
89214
89213
89212
89211
89210
89209
89208
89207
89206
89205
89204
89203
89202
89201
89200
89199
89198
89197
89196
89195
89194
89193
89192
89191
89190
89189
89188
89187
89186
89185
89184
89183
89182
89181
89180
89179
89178
89177
89176
89175
89174
89173
89172
89171
89170
89169
89168
89167
89166
89165
89164
89163
89162
89161
89160
89159
89158
89157
89156
89155
89154
89153
89152
89151
89150
89149
89148
89147
89146
89145
89144
89143
89142
89141
89140
89139
89138
89137
89136
89135
89134
89133
89132
89131
89130
89129
89128
89127
89126
89125
89124
89123
89122
89121
89120
89119
89118
89117
89116
89115
89114
89113
89112
89111
89110
89109
89108
89107
89106
89105
89104
89103
89102
89101
89100
89099
89098
89097
89096
89095
89094
89093
89092
89091
89090
89089
89088
89087
89086
89085
89084
89083
89082
89081
89080
89079
89078
89077
89076
89075
89074
89073
89072
89071
89070
89069
89068
89067
89066
89065
89064
89063
89062
89061
89060
89059
89058
89057
89056
89055
89054
89053
89052
89051
89050
89049
89048
89047
89046
89045
89044
89043
89042
89041
89040
89039
89038
89037
89036
89035
89034
89033
89032
89031
89030
89029
89028
89027
89026
89025
89024
89023
89022
89021
89020
89019
89018
89017
89016
89015
89014
89013
89012
89011
89010
89009
89008
89007
89006
89005
89004
89003
89002
89001
89000
88999
88998
88997
88996
88995
88994
88993
88992
88991
88990
88989
88988
88987
88986
88985
88984
88983
88982
88981
88980
88979
88978
88977
88976
88975
88974
88973
88972
88971
88970
88969
88968
88967
88966
88965
88964
88963
88962
88961
88960
88959
88958
88957
88956
88955
88954
88953
88952
88951
88950
88949
88948
88947
88946
88945
88944
88943
88942
88941
88940
88939
88938
88937
88936
88935
88934
88933
88932
88931
88930
88929
88928
88927
88926
88925
88924
88923
88922
88921
88920
88919
88918
88917
88916
88915
88914
88913
88912
88911
88910
88909
88908
88907
88906
88905
88904
88903
88902
88901
88900
88899
88898
88897
88896
88895
88894
88893
88892
88891
88890
88889
88888
88887
88886
88885
88884
88883
88882
88881
88880
88879
88878
88877
88876
88875
88874
88873
88872
88871
88870
88869
88868
88867
88866
88865
88864
88863
88862
88861
88860
88859
88858
88857
88856
88855
88854
88853
88852
88851
88850
88849
88848
88847
88846
88845
88844
88843
88842
88841
88840
88839
88838
88837
88836
88835
88834
88833
88832
88831
88830
88829
88828
88827
88826
88825
88824
88823
88822
88821
88820
88819
88818
88817
88816
88815
88814
88813
88812
88811
88810
88809
88808
88807
88806
88805
88804
88803
88802
88801
88800
88799
88798
88797
88796
88795
88794
88793
88792
88791
88790
88789
88788
88787
88786
88785
88784
88783
88782
88781
88780
88779
88778
88777
88776
88775
88774
88773
88772
88771
88770
88769
88768
88767
88766
88765
88764
88763
88762
88761
88760
88759
88758
88757
88756
88755
88754
88753
88752
88751
88750
88749
88748
88747
88746
88745
88744
88743
88742
88741
88740
88739
88738
88737
88736
88735
88734
88733
88732
88731
88730
88729
88728
88727
88726
88725
88724
88723
88722
88721
88720
88719
88718
88717
88716
88715
88714
88713
88712
88711
88710
88709
88708
88707
88706
88705
88704
88703
88702
88701
88700
88699
88698
88697
88696
88695
88694
88693
88692
88691
88690
88689
88688
88687
88686
88685
88684
88683
88682
88681
88680
88679
88678
88677
88676
88675
88674
88673
88672
88671
88670
88669
88668
88667
88666
88665
88664
88663
88662
88661
88660
88659
88658
88657
88656
88655
88654
88653
88652
88651
88650
88649
88648
88647
88646
88645
88644
88643
88642
88641
88640
88639
88638
88637
88636
88635
88634
88633
88632
88631
88630
88629
88628
88627
88626
88625
88624
88623
88622
88621
88620
88619
88618
88617
88616
88615
88614
88613
88612
88611
88610
88609
88608
88607
88606
88605
88604
88603
88602
88601
88600
88599
88598
88597
88596
88595
88594
88593
88592
88591
88590
88589
88588
88587
88586
88585
88584
88583
88582
88581
88580
88579
88578
88577
88576
88575
88574
88573
88572
88571
88570
88569
88568
88567
88566
88565
88564
88563
88562
88561
88560
88559
88558
88557
88556
88555
88554
88553
88552
88551
88550
88549
88548
88547
88546
88545
88544
88543
88542
88541
88540
88539
88538
88537
88536
88535
88534
88533
88532
88531
88530
88529
88528
88527
88526
88525
88524
88523
88522
88521
88520
88519
88518
88517
88516
88515
88514
88513
88512
88511
88510
88509
88508
88507
88506
88505
88504
88503
88502
88501
88500
88499
88498
88497
88496
88495
88494
88493
88492
88491
88490
88489
88488
88487
88486
88485
88484
88483
88482
88481
88480
88479
88478
88477
88476
88475
88474
88473
88472
88471
88470
88469
88468
88467
88466
88465
88464
88463
88462
88461
88460
88459
88458
88457
88456
88455
88454
88453
88452
88451
88450
88449
88448
88447
88446
88445
88444
88443
88442
88441
88440
88439
88438
88437
88436
88435
88434
88433
88432
88431
88430
88429
88428
88427
88426
88425
88424
88423
88422
88421
88420
88419
88418
88417
88416
88415
88414
88413
88412
88411
88410
88409
88408
88407
88406
88405
88404
88403
88402
88401
88400
88399
88398
88397
88396
88395
88394
88393
88392
88391
88390
88389
88388
88387
88386
88385
88384
88383
88382
88381
88380
88379
88378
88377
88376
88375
88374
88373
88372
88371
88370
88369
88368
88367
88366
88365
88364
88363
88362
88361
88360
88359
88358
88357
88356
88355
88354
88353
88352
88351
88350
88349
88348
88347
88346
88345
88344
88343
88342
88341
88340
88339
88338
88337
88336
88335
88334
88333
88332
88331
88330
88329
88328
88327
88326
88325
88324
88323
88322
88321
88320
88319
88318
88317
88316
88315
88314
88313
88312
88311
88310
88309
88308
88307
88306
88305
88304
88303
88302
88301
88300
88299
88298
88297
88296
88295
88294
88293
88292
88291
88290
88289
88288
88287
88286
88285
88284
88283
88282
88281
88280
88279
88278
88277
88276
88275
88274
88273
88272
88271
88270
88269
88268
88267
88266
88265
88264
88263
88262
88261
88260
88259
88258
88257
88256
88255
88254
88253
88252
88251
88250
88249
88248
88247
88246
88245
88244
88243
88242
88241
88240
88239
88238
88237
88236
88235
88234
88233
88232
88231
88230
88229
88228
88227
88226
88225
88224
88223
88222
88221
88220
88219
88218
88217
88216
88215
88214
88213
88212
88211
88210
88209
88208
88207
88206
88205
88204
88203
88202
88201
88200
88199
88198
88197
88196
88195
88194
88193
88192
88191
88190
88189
88188
88187
88186
88185
88184
88183
88182
88181
88180
88179
88178
88177
88176
88175
88174
88173
88172
88171
88170
88169
88168
88167
88166
88165
88164
88163
88162
88161
88160
88159
88158
88157
88156
88155
88154
88153
88152
88151
88150
88149
88148
88147
88146
88145
88144
88143
88142
88141
88140
88139
88138
88137
88136
88135
88134
88133
88132
88131
88130
88129
88128
88127
88126
88125
88124
88123
88122
88121
88120
88119
88118
88117
88116
88115
88114
88113
88112
88111
88110
88109
88108
88107
88106
88105
88104
88103
88102
88101
88100
88099
88098
88097
88096
88095
88094
88093
88092
88091
88090
88089
88088
88087
88086
88085
88084
88083
88082
88081
88080
88079
88078
88077
88076
88075
88074
88073
88072
88071
88070
88069
88068
88067
88066
88065
88064
88063
88062
88061
88060
88059
88058
88057
88056
88055
88054
88053
88052
88051
88050
88049
88048
88047
88046
88045
88044
88043
88042
88041
88040
88039
88038
88037
88036
88035
88034
88033
88032
88031
88030
88029
88028
88027
88026
88025
88024
88023
88022
88021
88020
88019
88018
88017
88016
88015
88014
88013
88012
88011
88010
88009
88008
88007
88006
88005
88004
88003
88002
88001
88000
87999
87998
87997
87996
87995
87994
87993
87992
87991
87990
87989
87988
87987
87986
87985
87984
87983
87982
87981
87980
87979
87978
87977
87976
87975
87974
87973
87972
87971
87970
87969
87968
87967
87966
87965
87964
87963
87962
87961
87960
87959
87958
87957
87956
87955
87954
87953
87952
87951
87950
87949
87948
87947
87946
87945
87944
87943
87942
87941
87940
87939
87938
87937
87936
87935
87934
87933
87932
87931
87930
87929
87928
87927
87926
87925
87924
87923
87922
87921
87920
87919
87918
87917
87916
87915
87914
87913
87912
87911
87910
87909
87908
87907
87906
87905
87904
87903
87902
87901
87900
87899
87898
87897
87896
87895
87894
87893
87892
87891
87890
87889
87888
87887
87886
87885
87884
87883
87882
87881
87880
87879
87878
87877
87876
87875
87874
87873
87872
87871
87870
87869
87868
87867
87866
87865
87864
87863
87862
87861
87860
87859
87858
87857
87856
87855
87854
87853
87852
87851
87850
87849
87848
87847
87846
87845
87844
87843
87842
87841
87840
87839
87838
87837
87836
87835
87834
87833
87832
87831
87830
87829
87828
87827
87826
87825
87824
87823
87822
87821
87820
87819
87818
87817
87816
87815
87814
87813
87812
87811
87810
87809
87808
87807
87806
87805
87804
87803
87802
87801
87800
87799
87798
87797
87796
87795
87794
87793
87792
87791
87790
87789
87788
87787
87786
87785
87784
87783
87782
87781
87780
87779
87778
87777
87776
87775
87774
87773
87772
87771
87770
87769
87768
87767
87766
87765
87764
87763
87762
87761
87760
87759
87758
87757
87756
87755
87754
87753
87752
87751
87750
87749
87748
87747
87746
87745
87744
87743
87742
87741
87740
87739
87738
87737
87736
87735
87734
87733
87732
87731
87730
87729
87728
87727
87726
87725
87724
87723
87722
87721
87720
87719
87718
87717
87716
87715
87714
87713
87712
87711
87710
87709
87708
87707
87706
87705
87704
87703
87702
87701
87700
87699
87698
87697
87696
87695
87694
87693
87692
87691
87690
87689
87688
87687
87686
87685
87684
87683
87682
87681
87680
87679
87678
87677
87676
87675
87674
87673
87672
87671
87670
87669
87668
87667
87666
87665
87664
87663
87662
87661
87660
87659
87658
87657
87656
87655
87654
87653
87652
87651
87650
87649
87648
87647
87646
87645
87644
87643
87642
87641
87640
87639
87638
87637
87636
87635
87634
87633
87632
87631
87630
87629
87628
87627
87626
87625
87624
87623
87622
87621
87620
87619
87618
87617
87616
87615
87614
87613
87612
87611
87610
87609
87608
87607
87606
87605
87604
87603
87602
87601
87600
87599
87598
87597
87596
87595
87594
87593
87592
87591
87590
87589
87588
87587
87586
87585
87584
87583
87582
87581
87580
87579
87578
87577
87576
87575
87574
87573
87572
87571
87570
87569
87568
87567
87566
87565
87564
87563
87562
87561
87560
87559
87558
87557
87556
87555
87554
87553
87552
87551
87550
87549
87548
87547
87546
87545
87544
87543
87542
87541
87540
87539
87538
87537
87536
87535
87534
87533
87532
87531
87530
87529
87528
87527
87526
87525
87524
87523
87522
87521
87520
87519
87518
87517
87516
87515
87514
87513
87512
87511
87510
87509
87508
87507
87506
87505
87504
87503
87502
87501
87500
87499
87498
87497
87496
87495
87494
87493
87492
87491
87490
87489
87488
87487
87486
87485
87484
87483
87482
87481
87480
87479
87478
87477
87476
87475
87474
87473
87472
87471
87470
87469
87468
87467
87466
87465
87464
87463
87462
87461
87460
87459
87458
87457
87456
87455
87454
87453
87452
87451
87450
87449
87448
87447
87446
87445
87444
87443
87442
87441
87440
87439
87438
87437
87436
87435
87434
87433
87432
87431
87430
87429
87428
87427
87426
87425
87424
87423
87422
87421
87420
87419
87418
87417
87416
87415
87414
87413
87412
87411
87410
87409
87408
87407
87406
87405
87404
87403
87402
87401
87400
87399
87398
87397
87396
87395
87394
87393
87392
87391
87390
87389
87388
87387
87386
87385
87384
87383
87382
87381
87380
87379
87378
87377
87376
87375
87374
87373
87372
87371
87370
87369
87368
87367
87366
87365
87364
87363
87362
87361
87360
87359
87358
87357
87356
87355
87354
87353
87352
87351
87350
87349
87348
87347
87346
87345
87344
87343
87342
87341
87340
87339
87338
87337
87336
87335
87334
87333
87332
87331
87330
87329
87328
87327
87326
87325
87324
87323
87322
87321
87320
87319
87318
87317
87316
87315
87314
87313
87312
87311
87310
87309
87308
87307
87306
87305
87304
87303
87302
87301
87300
87299
87298
87297
87296
87295
87294
87293
87292
87291
87290
87289
87288
87287
87286
87285
87284
87283
87282
87281
87280
87279
87278
87277
87276
87275
87274
87273
87272
87271
87270
87269
87268
87267
87266
87265
87264
87263
87262
87261
87260
87259
87258
87257
87256
87255
87254
87253
87252
87251
87250
87249
87248
87247
87246
87245
87244
87243
87242
87241
87240
87239
87238
87237
87236
87235
87234
87233
87232
87231
87230
87229
87228
87227
87226
87225
87224
87223
87222
87221
87220
87219
87218
87217
87216
87215
87214
87213
87212
87211
87210
87209
87208
87207
87206
87205
87204
87203
87202
87201
87200
87199
87198
87197
87196
87195
87194
87193
87192
87191
87190
87189
87188
87187
87186
87185
87184
87183
87182
87181
87180
87179
87178
87177
87176
87175
87174
87173
87172
87171
87170
87169
87168
87167
87166
87165
87164
87163
87162
87161
87160
87159
87158
87157
87156
87155
87154
87153
87152
87151
87150
87149
87148
87147
87146
87145
87144
87143
87142
87141
87140
87139
87138
87137
87136
87135
87134
87133
87132
87131
87130
87129
87128
87127
87126
87125
87124
87123
87122
87121
87120
87119
87118
87117
87116
87115
87114
87113
87112
87111
87110
87109
87108
87107
87106
87105
87104
87103
87102
87101
87100
87099
87098
87097
87096
87095
87094
87093
87092
87091
87090
87089
87088
87087
87086
87085
87084
87083
87082
87081
87080
87079
87078
87077
87076
87075
87074
87073
87072
87071
87070
87069
87068
87067
87066
87065
87064
87063
87062
87061
87060
87059
87058
87057
87056
87055
87054
87053
87052
87051
87050
87049
87048
87047
87046
87045
87044
87043
87042
87041
87040
87039
87038
87037
87036
87035
87034
87033
87032
87031
87030
87029
87028
87027
0
1
2
3
4
5
6
7
8
9
10
11
12
13
14
15
16
17
18
19
20
21
22
23
24
25
26
27
28
29
30
31
32
33
34
35
36
37
38
39
40
41
42
43
44
45
46
47
48
49
50
51
52
53
54
55
56
57
58
59
60
61
62
63
64
65
66
67
68
69
70
71
72
73
74
75
76
77
78
79
80
81
82
83
84
85
86
87
88
89
90
91
92
93
94
95
96
97
98
99
100
101
102
103
104
105
106
107
108
109
110
111
112
113
114
115
116
117
118
119
120
121
122
123
124
125
126
127
128
129
130
131
132
133
134
135
136
137
138
139
140
141
142
143
144
145
146
147
148
149
150
151
152
153
154
155
156
157
158
159
160
161
162
163
164
165
166
167
168
169
170
171
172
173
174
175
176
177
178
179
180
181
182
183
184
185
186
187
188
189
190
191
192
193
194
195
196
197
198
199
200
201
202
203
204
205
206
207
208
209
210
211
212
213
214
215
216
217
218
219
220
221
222
223
224
225
226
227
228
229
230
231
232
233
234
235
236
237
238
239
240
241
242
243
244
245
246
247
248
249
250
251
252
253
254
255
256
257
258
259
260
261
262
263
264
265
266
267
268
269
270
271
272
273
274
275
276
277
278
279
280
281
282
283
284
285
286
287
288
289
290
291
292
293
294
295
296
297
298
299
300
301
302
303
304
305
306
307
308
309
310
311
312
313
314
315
316
317
318
319
320
321
322
323
324
325
326
327
328
329
330
331
332
333
334
335
336
337
338
339
340
341
342
343
344
345
346
347
348
349
350
351
352
353
354
355
356
357
358
359
360
361
362
363
364
365
366
367
368
369
370
371
372
373
374
375
376
377
378
379
380
381
382
383
384
385
386
387
388
389
390
391
392
393
394
395
396
397
398
399
400
401
402
403
404
405
406
407
408
409
410
411
412
413
414
415
416
417
418
419
420
421
422
423
424
425
426
427
428
429
430
431
432
433
434
435
436
437
438
439
440
441
442
443
444
445
446
447
448
449
450
451
452
453
454
455
456
457
458
459
460
461
462
463
464
465
466
467
468
469
470
471
472
473
474
475
476
477
478
479
480
481
482
483
484
485
486
487
488
489
490
491
492
493
494
495
496
497
498
499
500
501
502
503
504
505
506
507
508
509
510
511
512
513
514
515
516
517
518
519
520
521
522
523
524
525
526
527
528
529
530
531
532
533
534
535
536
537
538
539
540
541
542
543
544
545
546
547
548
549
550
551
552
553
554
555
556
557
558
559
560
561
562
563
564
565
566
567
568
569
570
571
572
573
574
575
576
577
578
579
580
581
582
583
584
585
586
587
588
589
590
591
592
593
594
595
596
597
598
599
600
601
602
603
604
605
606
607
608
609
610
611
612
613
614
615
616
617
618
619
620
621
622
623
624
625
626
627
628
629
630
631
632
633
634
635
636
637
638
639
640
641
642
643
644
645
646
647
648
649
650
651
652
653
654
655
656
657
658
659
660
661
662
663
664
665
666
667
668
669
670
671
672
673
674
675
676
677
678
679
680
681
682
683
684
685
686
687
688
689
690
691
692
693
694
695
696
697
698
699
700
701
702
703
704
705
706
707
708
709
710
711
712
713
714
715
716
717
718
719
720
721
722
723
724
725
726
727
728
729
730
731
732
733
734
735
736
737
738
739
740
741
742
743
744
745
746
747
748
749
750
751
752
753
754
755
756
757
758
759
760
761
762
763
764
765
766
767
768
769
770
771
772
773
774
775
776
777
778
779
780
781
782
783
784
785
786
787
788
789
790
791
792
793
794
795
796
797
798
799
800
801
802
803
804
805
806
807
808
809
810
811
812
813
814
815
816
817
818
819
820
821
822
823
824
825
826
827
828
829
830
831
832
833
834
835
836
837
838
839
840
841
842
843
844
845
846
847
848
849
850
851
852
853
854
855
856
857
858
859
860
861
862
863
864
865
866
867
868
869
870
871
872
873
874
875
876
877
878
879
880
881
882
883
884
885
886
887
888
889
890
891
892
893
894
895
896
897
898
899
900
901
902
903
904
905
906
907
908
909
910
911
912
913
914
915
916
917
918
919
920
921
922
923
924
925
926
927
928
929
930
931
932
933
934
935
936
937
938
939
940
941
942
943
944
945
946
947
948
949
950
951
952
953
954
955
956
957
958
959
960
961
962
963
964
965
966
967
968
969
970
971
972
973
974
975
976
977
978
979
980
981
982
983
984
985
986
987
988
989
990
991
992
993
994
995
996
997
998
999
1000
1001
1002
1003
1004
1005
1006
1007
1008
1009
1010
1011
1012
1013
1014
1015
1016
1017
1018
1019
1020
1021
1022
1023
1024
1025
1026
1027
1028
1029
1030
1031
1032
1033
1034
1035
1036
1037
1038
1039
1040
1041
1042
1043
1044
1045
1046
1047
1048
1049
1050
1051
1052
1053
1054
1055
1056
1057
1058
1059
1060
1061
1062
1063
1064
1065
1066
1067
1068
1069
1070
1071
1072
1073
1074
1075
1076
1077
1078
1079
1080
1081
1082
1083
1084
1085
1086
1087
1088
1089
1090
1091
1092
1093
1094
1095
1096
1097
1098
1099
1100
1101
1102
1103
1104
1105
1106
1107
1108
1109
1110
1111
1112
1113
1114
1115
1116
1117
1118
1119
1120
1121
1122
1123
1124
1125
1126
1127
1128
1129
1130
1131
1132
1133
1134
1135
1136
1137
1138
1139
1140
1141
1142
1143
1144
1145
1146
1147
1148
1149
1150
1151
1152
1153
1154
1155
1156
1157
1158
1159
1160
1161
1162
1163
1164
1165
1166
1167
1168
1169
1170
1171
1172
1173
1174
1175
1176
1177
1178
1179
1180
1181
1182
1183
1184
1185
1186
1187
1188
1189
1190
1191
1192
1193
1194
1195
1196
1197
1198
1199
1200
1201
1202
1203
1204
1205
1206
1207
1208
1209
1210
1211
1212
1213
1214
1215
1216
1217
1218
1219
1220
1221
1222
1223
1224
1225
1226
1227
1228
1229
1230
1231
1232
1233
1234
1235
1236
1237
1238
1239
1240
1241
1242
1243
1244
1245
1246
1247
1248
1249
1250
1251
1252
1253
1254
1255
1256
1257
1258
1259
1260
1261
1262
1263
1264
1265
1266
1267
1268
1269
1270
1271
1272
1273
1274
1275
1276
1277
1278
1279
1280
1281
1282
1283
1284
1285
1286
1287
1288
1289
1290
1291
1292
1293
1294
1295
1296
1297
1298
1299
1300
1301
1302
1303
1304
1305
1306
1307
1308
1309
1310
1311
1312
1313
1314
1315
1316
1317
1318
1319
1320
1321
1322
1323
1324
1325
1326
1327
1328
1329
1330
1331
1332
1333
1334
1335
1336
1337
1338
1339
1340
1341
1342
1343
1344
1345
1346
1347
1348
1349
1350
1351
1352
1353
1354
1355
1356
1357
1358
1359
1360
1361
1362
1363
1364
1365
1366
1367
1368
1369
1370
1371
1372
1373
1374
1375
1376
1377
1378
1379
1380
1381
1382
1383
1384
1385
1386
1387
1388
1389
1390
1391
1392
1393
1394
1395
1396
1397
1398
1399
1400
1401
1402
1403
1404
1405
1406
1407
1408
1409
1410
1411
1412
1413
1414
1415
1416
1417
1418
1419
1420
1421
1422
1423
1424
1425
1426
1427
1428
1429
1430
1431
1432
1433
1434
1435
1436
1437
1438
1439
1440
1441
1442
1443
1444
1445
1446
1447
1448
1449
1450
1451
1452
1453
1454
1455
1456
1457
1458
1459
1460
1461
1462
1463
1464
1465
1466
1467
1468
1469
1470
1471
1472
1473
1474
1475
1476
1477
1478
1479
1480
1481
1482
1483
1484
1485
1486
1487
1488
1489
1490
1491
1492
1493
1494
1495
1496
1497
1498
1499
1500
1501
1502
1503
1504
1505
1506
1507
1508
1509
1510
1511
1512
1513
1514
1515
1516
1517
1518
1519
1520
1521
1522
1523
1524
1525
1526
1527
1528
1529
1530
1531
1532
1533
1534
1535
1536
1537
1538
1539
1540
1541
1542
1543
1544
1545
1546
1547
1548
1549
1550
1551
1552
1553
1554
1555
1556
1557
1558
1559
1560
1561
1562
1563
1564
1565
1566
1567
1568
1569
1570
1571
1572
1573
1574
1575
1576
1577
1578
1579
1580
1581
1582
1583
1584
1585
1586
1587
1588
1589
1590
1591
1592
1593
1594
1595
1596
1597
1598
1599
1600
1601
1602
1603
1604
1605
1606
1607
1608
1609
1610
1611
1612
1613
1614
1615
1616
1617
1618
1619
1620
1621
1622
1623
1624
1625
1626
1627
1628
1629
1630
1631
1632
1633
1634
1635
1636
1637
1638
1639
1640
1641
1642
1643
1644
1645
1646
1647
1648
1649
1650
1651
1652
1653
1654
1655
1656
1657
1658
1659
1660
1661
1662
1663
1664
1665
1666
1667
1668
1669
1670
1671
1672
1673
1674
1675
1676
1677
1678
1679
1680
1681
1682
1683
1684
1685
1686
1687
1688
1689
1690
1691
1692
1693
1694
1695
1696
1697
1698
1699
1700
1701
1702
1703
1704
1705
1706
1707
1708
1709
1710
1711
1712
1713
1714
1715
1716
1717
1718
1719
1720
1721
1722
1723
1724
1725
1726
1727
1728
1729
1730
1731
1732
1733
1734
1735
1736
1737
1738
1739
1740
1741
1742
1743
1744
1745
1746
1747
1748
1749
1750
1751
1752
1753
1754
1755
1756
1757
1758
1759
1760
1761
1762
1763
1764
1765
1766
1767
1768
1769
1770
1771
1772
1773
1774
1775
1776
1777
1778
1779
1780
1781
1782
1783
1784
1785
1786
1787
1788
1789
1790
1791
1792
1793
1794
1795
1796
1797
1798
1799
1800
1801
1802
1803
1804
1805
1806
1807
1808
1809
1810
1811
1812
1813
1814
1815
1816
1817
1818
1819
1820
1821
1822
1823
1824
1825
1826
1827
1828
1829
1830
1831
1832
1833
1834
1835
1836
1837
1838
1839
1840
1841
1842
1843
1844
1845
1846
1847
1848
1849
1850
1851
1852
1853
1854
1855
1856
1857
1858
1859
1860
1861
1862
1863
1864
1865
1866
1867
1868
1869
1870
1871
1872
1873
1874
1875
1876
1877
1878
1879
1880
1881
1882
1883
1884
1885
1886
1887
1888
1889
1890
1891
1892
1893
1894
1895
1896
1897
1898
1899
1900
1901
1902
1903
1904
1905
1906
1907
1908
1909
1910
1911
1912
1913
1914
1915
1916
1917
1918
1919
1920
1921
1922
1923
1924
1925
1926
1927
1928
1929
1930
1931
1932
1933
1934
1935
1936
1937
1938
1939
1940
1941
1942
1943
1944
1945
1946
1947
1948
1949
1950
1951
1952
1953
1954
1955
1956
1957
1958
1959
1960
1961
1962
1963
1964
1965
1966
1967
1968
1969
1970
1971
1972
1973
1974
1975
1976
1977
1978
1979
1980
1981
1982
1983
1984
1985
1986
1987
1988
1989
1990
1991
1992
1993
1994
1995
1996
1997
1998
1999
2000
2001
2002
2003
2004
2005
2006
2007
2008
2009
2010
2011
2012
2013
2014
2015
2016
2017
2018
2019
2020
2021
2022
2023
2024
2025
2026
2027
2028
2029
2030
2031
2032
2033
2034
2035
2036
2037
2038
2039
2040
2041
2042
2043
2044
2045
2046
2047
2048
2049
2050
2051
2052
2053
2054
2055
2056
2057
2058
2059
2060
2061
2062
2063
2064
2065
2066
2067
2068
2069
2070
2071
2072
2073
2074
2075
2076
2077
2078
2079
2080
2081
2082
2083
2084
2085
2086
2087
2088
2089
2090
2091
2092
2093
2094
2095
2096
2097
2098
2099
2100
2101
2102
2103
2104
2105
2106
2107
2108
2109
2110
2111
2112
2113
2114
2115
2116
2117
2118
2119
2120
2121
2122
2123
2124
2125
2126
2127
2128
2129
2130
2131
2132
2133
2134
2135
2136
2137
2138
2139
2140
2141
2142
2143
2144
2145
2146
2147
2148
2149
2150
2151
2152
2153
2154
2155
2156
2157
2158
2159
2160
2161
2162
2163
2164
2165
2166
2167
2168
2169
2170
2171
2172
2173
2174
2175
2176
2177
2178
2179
2180
2181
2182
2183
2184
2185
2186
2187
2188
2189
2190
2191
2192
2193
2194
2195
2196
2197
2198
2199
2200
2201
2202
2203
2204
2205
2206
2207
2208
2209
2210
2211
2212
2213
2214
2215
2216
2217
2218
2219
2220
2221
2222
2223
2224
2225
2226
2227
2228
2229
2230
2231
2232
2233
2234
2235
2236
2237
2238
2239
2240
2241
2242
2243
2244
2245
2246
2247
2248
2249
2250
2251
2252
2253
2254
2255
2256
2257
2258
2259
2260
2261
2262
2263
2264
2265
2266
2267
2268
2269
2270
2271
2272
2273
2274
2275
2276
2277
2278
2279
2280
2281
2282
2283
2284
2285
2286
2287
2288
2289
2290
2291
2292
2293
2294
2295
2296
2297
2298
2299
2300
2301
2302
2303
2304
2305
2306
2307
2308
2309
2310
2311
2312
2313
2314
2315
2316
2317
2318
2319
2320
2321
2322
2323
2324
2325
2326
2327
2328
2329
2330
2331
2332
2333
2334
2335
2336
2337
2338
2339
2340
2341
2342
2343
2344
2345
2346
2347
2348
2349
2350
2351
2352
2353
2354
2355
2356
2357
2358
2359
2360
2361
2362
2363
2364
2365
2366
2367
2368
2369
2370
2371
2372
2373
2374
2375
2376
2377
2378
2379
2380
2381
2382
2383
2384
2385
2386
2387
2388
2389
2390
2391
2392
2393
2394
2395
2396
2397
2398
2399
2400
2401
2402
2403
2404
2405
2406
2407
2408
2409
2410
2411
2412
2413
2414
2415
2416
2417
2418
2419
2420
2421
2422
2423
2424
2425
2426
2427
2428
2429
2430
2431
2432
2433
2434
2435
2436
2437
2438
2439
2440
2441
2442
2443
2444
2445
2446
2447
2448
2449
2450
2451
2452
2453
2454
2455
2456
2457
2458
2459
2460
2461
2462
2463
2464
2465
2466
2467
2468
2469
2470
2471
2472
2473
2474
2475
2476
2477
2478
2479
2480
2481
2482
2483
2484
2485
2486
2487
2488
2489
2490
2491
2492
2493
2494
2495
2496
2497
2498
2499
